000000000000000000
000000000000000101
000000000000001010
000000000000001111
000000000000010100
000000000000011001
000000000000011110
000000000000100011
000000000000101000
000000000000101101
000000000000110010
000000000000110111
000000000000111100
000000000001000001
000000000001000110
000000000001001011
000000000001010000
000000000001010101
000000000001011010
000000000001011111
000000000001100100
000000000001101001
000000000001101110
000000000001110011
000000000001111000
000000000001111101
000000000010000010
000000000010000111
000000000010001100
000000000010010001
000000000010010110
000000000010011011
000000000010100000
000000000010100101
000000000010101010
000000000010101111
000000000010110100
000000000010111001
000000000010111111
000000000011000100
000000000011001001
000000000011001110
000000000011010011
000000000011011000
000000000011011101
000000000011100010
000000000011100111
000000000011101100
000000000011110001
000000000011110110
000000000011111011
000000000100000000
000000000100000101
000000000100001010
000000000100001111
000000000100010100
000000000100011001
000000000100011110
000000000100100011
000000000100101000
000000000100101101
000000000100110010
000000000100110111
000000000100111100
000000000101000001
000000000101000110
000000000101001011
000000000101010000
000000000101010101
000000000101011010
000000000101011111
000000000101100100
000000000101101001
000000000101101110
000000000101110011
000000000101111000
000000000101111101
000000000110000010
000000000110000111
000000000110001100
000000000110010001
000000000110010110
000000000110011011
000000000110100000
000000000110100101
000000000110101010
000000000110101111
000000000110110100
000000000110111001
000000000110111110
000000000111000011
000000000111001000
000000000111001101
000000000111010010
000000000111010111
000000000111011100
000000000111100001
000000000111100110
000000000111101011
000000000111110000
000000000111110101
000000000111111010
000000000111111111
000000001000000100
000000001000001001
000000001000001110
000000001000010011
000000001000011001
000000001000011110
000000001000100011
000000001000101000
000000001000101101
000000001000110010
000000001000110111
000000001000111100
000000001001000001
000000001001000110
000000001001001011
000000001001010000
000000001001010101
000000001001011010
000000001001011111
000000001001100100
000000001001101001
000000001001101110
000000001001110011
000000001001111000
000000001001111101
000000001010000010
000000001010000111
000000001010001100
000000001010010001
000000001010010110
000000001010011011
000000001010100000
000000001010100101
000000001010101010
000000001010101111
000000001010110100
000000001010111001
000000001010111110
000000001011000011
000000001011001000
000000001011001101
000000001011010010
000000001011010111
000000001011011100
000000001011100001
000000001011100110
000000001011101011
000000001011110000
000000001011110101
000000001011111010
000000001011111111
000000001100000100
000000001100001001
000000001100001110
000000001100010011
000000001100011000
000000001100011101
000000001100100010
000000001100100111
000000001100101100
000000001100110010
000000001100110111
000000001100111100
000000001101000001
000000001101000110
000000001101001011
000000001101010000
000000001101010101
000000001101011010
000000001101011111
000000001101100100
000000001101101001
000000001101101110
000000001101110011
000000001101111000
000000001101111101
000000001110000010
000000001110000111
000000001110001100
000000001110010001
000000001110010110
000000001110011011
000000001110100000
000000001110100101
000000001110101010
000000001110101111
000000001110110100
000000001110111001
000000001110111110
000000001111000011
000000001111001000
000000001111001101
000000001111010010
000000001111010111
000000001111011100
000000001111100001
000000001111100110
000000001111101011
000000001111110000
000000001111110101
000000001111111010
000000001111111111
000000010000000100
000000010000001001
000000010000001110
000000010000010011
000000010000011000
000000010000011110
000000010000100011
000000010000101000
000000010000101101
000000010000110010
000000010000110111
000000010000111100
000000010001000001
000000010001000110
000000010001001011
000000010001010000
000000010001010101
000000010001011010
000000010001011111
000000010001100100
000000010001101001
000000010001101110
000000010001110011
000000010001111000
000000010001111101
000000010010000010
000000010010000111
000000010010001100
000000010010010001
000000010010010110
000000010010011011
000000010010100000
000000010010100101
000000010010101010
000000010010101111
000000010010110100
000000010010111001
000000010010111110
000000010011000011
000000010011001000
000000010011001101
000000010011010010
000000010011010111
000000010011011100
000000010011100010
000000010011100111
000000010011101100
000000010011110001
000000010011110110
000000010011111011
000000010100000000
000000010100000101
000000010100001010
000000010100001111
000000010100010100
000000010100011001
000000010100011110
000000010100100011
000000010100101000
000000010100101101
000000010100110010
000000010100110111
000000010100111100
000000010101000001
000000010101000110
000000010101001011
000000010101010000
000000010101010101
000000010101011010
000000010101011111
000000010101100100
000000010101101001
000000010101101110
000000010101110011
000000010101111000
000000010101111101
000000010110000010
000000010110000111
000000010110001101
000000010110010010
000000010110010111
000000010110011100
000000010110100001
000000010110100110
000000010110101011
000000010110110000
000000010110110101
000000010110111010
000000010110111111
000000010111000100
000000010111001001
000000010111001110
000000010111010011
000000010111011000
000000010111011101
000000010111100010
000000010111100111
000000010111101100
000000010111110001
000000010111110110
000000010111111011
000000011000000000
000000011000000101
000000011000001010
000000011000001111
000000011000010100
000000011000011001
000000011000011111
000000011000100100
000000011000101001
000000011000101110
000000011000110011
000000011000111000
000000011000111101
000000011001000010
000000011001000111
000000011001001100
000000011001010001
000000011001010110
000000011001011011
000000011001100000
000000011001100101
000000011001101010
000000011001101111
000000011001110100
000000011001111001
000000011001111110
000000011010000011
000000011010001000
000000011010001101
000000011010010010
000000011010010111
000000011010011100
000000011010100010
000000011010100111
000000011010101100
000000011010110001
000000011010110110
000000011010111011
000000011011000000
000000011011000101
000000011011001010
000000011011001111
000000011011010100
000000011011011001
000000011011011110
000000011011100011
000000011011101000
000000011011101101
000000011011110010
000000011011110111
000000011011111100
000000011100000001
000000011100000110
000000011100001011
000000011100010000
000000011100010101
000000011100011011
000000011100100000
000000011100100101
000000011100101010
000000011100101111
000000011100110100
000000011100111001
000000011100111110
000000011101000011
000000011101001000
000000011101001101
000000011101010010
000000011101010111
000000011101011100
000000011101100001
000000011101100110
000000011101101011
000000011101110000
000000011101110101
000000011101111010
000000011101111111
000000011110000100
000000011110001010
000000011110001111
000000011110010100
000000011110011001
000000011110011110
000000011110100011
000000011110101000
000000011110101101
000000011110110010
000000011110110111
000000011110111100
000000011111000001
000000011111000110
000000011111001011
000000011111010000
000000011111010101
000000011111011010
000000011111011111
000000011111100100
000000011111101001
000000011111101111
000000011111110100
000000011111111001
000000011111111110
000000100000000011
000000100000001000
000000100000001101
000000100000010010
000000100000010111
000000100000011100
000000100000100001
000000100000100110
000000100000101011
000000100000110000
000000100000110101
000000100000111010
000000100000111111
000000100001000100
000000100001001010
000000100001001111
000000100001010100
000000100001011001
000000100001011110
000000100001100011
000000100001101000
000000100001101101
000000100001110010
000000100001110111
000000100001111100
000000100010000001
000000100010000110
000000100010001011
000000100010010000
000000100010010101
000000100010011010
000000100010011111
000000100010100101
000000100010101010
000000100010101111
000000100010110100
000000100010111001
000000100010111110
000000100011000011
000000100011001000
000000100011001101
000000100011010010
000000100011010111
000000100011011100
000000100011100001
000000100011100110
000000100011101011
000000100011110000
000000100011110110
000000100011111011
000000100100000000
000000100100000101
000000100100001010
000000100100001111
000000100100010100
000000100100011001
000000100100011110
000000100100100011
000000100100101000
000000100100101101
000000100100110010
000000100100110111
000000100100111100
000000100101000001
000000100101000111
000000100101001100
000000100101010001
000000100101010110
000000100101011011
000000100101100000
000000100101100101
000000100101101010
000000100101101111
000000100101110100
000000100101111001
000000100101111110
000000100110000011
000000100110001000
000000100110001101
000000100110010011
000000100110011000
000000100110011101
000000100110100010
000000100110100111
000000100110101100
000000100110110001
000000100110110110
000000100110111011
000000100111000000
000000100111000101
000000100111001010
000000100111001111
000000100111010100
000000100111011010
000000100111011111
000000100111100100
000000100111101001
000000100111101110
000000100111110011
000000100111111000
000000100111111101
000000101000000010
000000101000000111
000000101000001100
000000101000010001
000000101000010110
000000101000011100
000000101000100001
000000101000100110
000000101000101011
000000101000110000
000000101000110101
000000101000111010
000000101000111111
000000101001000100
000000101001001001
000000101001001110
000000101001010011
000000101001011000
000000101001011110
000000101001100011
000000101001101000
000000101001101101
000000101001110010
000000101001110111
000000101001111100
000000101010000001
000000101010000110
000000101010001011
000000101010010000
000000101010010101
000000101010011011
000000101010100000
000000101010100101
000000101010101010
000000101010101111
000000101010110100
000000101010111001
000000101010111110
000000101011000011
000000101011001000
000000101011001101
000000101011010010
000000101011011000
000000101011011101
000000101011100010
000000101011100111
000000101011101100
000000101011110001
000000101011110110
000000101011111011
000000101100000000
000000101100000101
000000101100001010
000000101100001111
000000101100010101
000000101100011010
000000101100011111
000000101100100100
000000101100101001
000000101100101110
000000101100110011
000000101100111000
000000101100111101
000000101101000010
000000101101000111
000000101101001101
000000101101010010
000000101101010111
000000101101011100
000000101101100001
000000101101100110
000000101101101011
000000101101110000
000000101101110101
000000101101111010
000000101110000000
000000101110000101
000000101110001010
000000101110001111
000000101110010100
000000101110011001
000000101110011110
000000101110100011
000000101110101000
000000101110101101
000000101110110010
000000101110111000
000000101110111101
000000101111000010
000000101111000111
000000101111001100
000000101111010001
000000101111010110
000000101111011011
000000101111100000
000000101111100101
000000101111101011
000000101111110000
000000101111110101
000000101111111010
000000101111111111
000000110000000100
000000110000001001
000000110000001110
000000110000010011
000000110000011000
000000110000011110
000000110000100011
000000110000101000
000000110000101101
000000110000110010
000000110000110111
000000110000111100
000000110001000001
000000110001000110
000000110001001100
000000110001010001
000000110001010110
000000110001011011
000000110001100000
000000110001100101
000000110001101010
000000110001101111
000000110001110100
000000110001111001
000000110001111111
000000110010000100
000000110010001001
000000110010001110
000000110010010011
000000110010011000
000000110010011101
000000110010100010
000000110010100111
000000110010101101
000000110010110010
000000110010110111
000000110010111100
000000110011000001
000000110011000110
000000110011001011
000000110011010000
000000110011010110
000000110011011011
000000110011100000
000000110011100101
000000110011101010
000000110011101111
000000110011110100
000000110011111001
000000110011111110
000000110100000100
000000110100001001
000000110100001110
000000110100010011
000000110100011000
000000110100011101
000000110100100010
000000110100100111
000000110100101101
000000110100110010
000000110100110111
000000110100111100
000000110101000001
000000110101000110
000000110101001011
000000110101010000
000000110101010101
000000110101011011
000000110101100000
000000110101100101
000000110101101010
000000110101101111
000000110101110100
000000110101111001
000000110101111110
000000110110000100
000000110110001001
000000110110001110
000000110110010011
000000110110011000
000000110110011101
000000110110100010
000000110110101000
000000110110101101
000000110110110010
000000110110110111
000000110110111100
000000110111000001
000000110111000110
000000110111001011
000000110111010001
000000110111010110
000000110111011011
000000110111100000
000000110111100101
000000110111101010
000000110111101111
000000110111110100
000000110111111010
000000110111111111
000000111000000100
000000111000001001
000000111000001110
000000111000010011
000000111000011000
000000111000011110
000000111000100011
000000111000101000
000000111000101101
000000111000110010
000000111000110111
000000111000111100
000000111001000010
000000111001000111
000000111001001100
000000111001010001
000000111001010110
000000111001011011
000000111001100000
000000111001100110
000000111001101011
000000111001110000
000000111001110101
000000111001111010
000000111001111111
000000111010000100
000000111010001010
000000111010001111
000000111010010100
000000111010011001
000000111010011110
000000111010100011
000000111010101000
000000111010101110
000000111010110011
000000111010111000
000000111010111101
000000111011000010
000000111011000111
000000111011001100
000000111011010010
000000111011010111
000000111011011100
000000111011100001
000000111011100110
000000111011101011
000000111011110000
000000111011110110
000000111011111011
000000111100000000
000000111100000101
000000111100001010
000000111100001111
000000111100010101
000000111100011010
000000111100011111
000000111100100100
000000111100101001
000000111100101110
000000111100110011
000000111100111001
000000111100111110
000000111101000011
000000111101001000
000000111101001101
000000111101010010
000000111101011000
000000111101011101
000000111101100010
000000111101100111
000000111101101100
000000111101110001
000000111101110111
000000111101111100
000000111110000001
000000111110000110
000000111110001011
000000111110010000
000000111110010110
000000111110011011
000000111110100000
000000111110100101
000000111110101010
000000111110101111
000000111110110101
000000111110111010
000000111110111111
000000111111000100
000000111111001001
000000111111001110
000000111111010100
000000111111011001
000000111111011110
000000111111100011
000000111111101000
000000111111101101
000000111111110011
000000111111111000
000000111111111101
000001000000000010
000001000000000111
000001000000001100
000001000000010010
000001000000010111
000001000000011100
000001000000100001
000001000000100110
000001000000101011
000001000000110001
000001000000110110
000001000000111011
000001000001000000
000001000001000101
000001000001001011
000001000001010000
000001000001010101
000001000001011010
000001000001011111
000001000001100100
000001000001101010
000001000001101111
000001000001110100
000001000001111001
000001000001111110
000001000010000100
000001000010001001
000001000010001110
000001000010010011
000001000010011000
000001000010011101
000001000010100011
000001000010101000
000001000010101101
000001000010110010
000001000010110111
000001000010111101
000001000011000010
000001000011000111
000001000011001100
000001000011010001
000001000011010110
000001000011011100
000001000011100001
000001000011100110
000001000011101011
000001000011110000
000001000011110110
000001000011111011
000001000100000000
000001000100000101
000001000100001010
000001000100010000
000001000100010101
000001000100011010
000001000100011111
000001000100100100
000001000100101010
000001000100101111
000001000100110100
000001000100111001
000001000100111110
000001000101000100
000001000101001001
000001000101001110
000001000101010011
000001000101011000
000001000101011110
000001000101100011
000001000101101000
000001000101101101
000001000101110010
000001000101111000
000001000101111101
000001000110000010
000001000110000111
000001000110001100
000001000110010010
000001000110010111
000001000110011100
000001000110100001
000001000110100110
000001000110101100
000001000110110001
000001000110110110
000001000110111011
000001000111000000
000001000111000110
000001000111001011
000001000111010000
000001000111010101
000001000111011011
000001000111100000
000001000111100101
000001000111101010
000001000111101111
000001000111110101
000001000111111010
000001000111111111
000001001000000100
000001001000001001
000001001000001111
000001001000010100
000001001000011001
000001001000011110
000001001000100100
000001001000101001
000001001000101110
000001001000110011
000001001000111000
000001001000111110
000001001001000011
000001001001001000
000001001001001101
000001001001010011
000001001001011000
000001001001011101
000001001001100010
000001001001100111
000001001001101101
000001001001110010
000001001001110111
000001001001111100
000001001010000010
000001001010000111
000001001010001100
000001001010010001
000001001010010110
000001001010011100
000001001010100001
000001001010100110
000001001010101011
000001001010110001
000001001010110110
000001001010111011
000001001011000000
000001001011000110
000001001011001011
000001001011010000
000001001011010101
000001001011011010
000001001011100000
000001001011100101
000001001011101010
000001001011101111
000001001011110101
000001001011111010
000001001011111111
000001001100000100
000001001100001010
000001001100001111
000001001100010100
000001001100011001
000001001100011111
000001001100100100
000001001100101001
000001001100101110
000001001100110100
000001001100111001
000001001100111110
000001001101000011
000001001101001001
000001001101001110
000001001101010011
000001001101011000
000001001101011110
000001001101100011
000001001101101000
000001001101101101
000001001101110011
000001001101111000
000001001101111101
000001001110000010
000001001110001000
000001001110001101
000001001110010010
000001001110010111
000001001110011101
000001001110100010
000001001110100111
000001001110101100
000001001110110010
000001001110110111
000001001110111100
000001001111000001
000001001111000111
000001001111001100
000001001111010001
000001001111010110
000001001111011100
000001001111100001
000001001111100110
000001001111101011
000001001111110001
000001001111110110
000001001111111011
000001010000000000
000001010000000110
000001010000001011
000001010000010000
000001010000010110
000001010000011011
000001010000100000
000001010000100101
000001010000101011
000001010000110000
000001010000110101
000001010000111010
000001010001000000
000001010001000101
000001010001001010
000001010001001111
000001010001010101
000001010001011010
000001010001011111
000001010001100101
000001010001101010
000001010001101111
000001010001110100
000001010001111010
000001010001111111
000001010010000100
000001010010001010
000001010010001111
000001010010010100
000001010010011001
000001010010011111
000001010010100100
000001010010101001
000001010010101110
000001010010110100
000001010010111001
000001010010111110
000001010011000100
000001010011001001
000001010011001110
000001010011010011
000001010011011001
000001010011011110
000001010011100011
000001010011101001
000001010011101110
000001010011110011
000001010011111000
000001010011111110
000001010100000011
000001010100001000
000001010100001110
000001010100010011
000001010100011000
000001010100011110
000001010100100011
000001010100101000
000001010100101101
000001010100110011
000001010100111000
000001010100111101
000001010101000011
000001010101001000
000001010101001101
000001010101010010
000001010101011000
000001010101011101
000001010101100010
000001010101101000
000001010101101101
000001010101110010
000001010101111000
000001010101111101
000001010110000010
000001010110001000
000001010110001101
000001010110010010
000001010110010111
000001010110011101
000001010110100010
000001010110100111
000001010110101101
000001010110110010
000001010110110111
000001010110111101
000001010111000010
000001010111000111
000001010111001101
000001010111010010
000001010111010111
000001010111011100
000001010111100010
000001010111100111
000001010111101100
000001010111110010
000001010111110111
000001010111111100
000001011000000010
000001011000000111
000001011000001100
000001011000010010
000001011000010111
000001011000011100
000001011000100010
000001011000100111
000001011000101100
000001011000110010
000001011000110111
000001011000111100
000001011001000010
000001011001000111
000001011001001100
000001011001010010
000001011001010111
000001011001011100
000001011001100010
000001011001100111
000001011001101100
000001011001110010
000001011001110111
000001011001111100
000001011010000010
000001011010000111
000001011010001100
000001011010010010
000001011010010111
000001011010011100
000001011010100010
000001011010100111
000001011010101100
000001011010110010
000001011010110111
000001011010111100
000001011011000010
000001011011000111
000001011011001100
000001011011010010
000001011011010111
000001011011011100
000001011011100010
000001011011100111
000001011011101100
000001011011110010
000001011011110111
000001011011111100
000001011100000010
000001011100000111
000001011100001100
000001011100010010
000001011100010111
000001011100011100
000001011100100010
000001011100100111
000001011100101100
000001011100110010
000001011100110111
000001011100111101
000001011101000010
000001011101000111
000001011101001101
000001011101010010
000001011101010111
000001011101011101
000001011101100010
000001011101100111
000001011101101101
000001011101110010
000001011101110111
000001011101111101
000001011110000010
000001011110001000
000001011110001101
000001011110010010
000001011110011000
000001011110011101
000001011110100010
000001011110101000
000001011110101101
000001011110110010
000001011110111000
000001011110111101
000001011111000011
000001011111001000
000001011111001101
000001011111010011
000001011111011000
000001011111011101
000001011111100011
000001011111101000
000001011111101110
000001011111110011
000001011111111000
000001011111111110
000001100000000011
000001100000001000
000001100000001110
000001100000010011
000001100000011001
000001100000011110
000001100000100011
000001100000101001
000001100000101110
000001100000110100
000001100000111001
000001100000111110
000001100001000100
000001100001001001
000001100001001110
000001100001010100
000001100001011001
000001100001011111
000001100001100100
000001100001101001
000001100001101111
000001100001110100
000001100001111010
000001100001111111
000001100010000100
000001100010001010
000001100010001111
000001100010010101
000001100010011010
000001100010011111
000001100010100101
000001100010101010
000001100010110000
000001100010110101
000001100010111010
000001100011000000
000001100011000101
000001100011001011
000001100011010000
000001100011010101
000001100011011011
000001100011100000
000001100011100110
000001100011101011
000001100011110000
000001100011110110
000001100011111011
000001100100000001
000001100100000110
000001100100001011
000001100100010001
000001100100010110
000001100100011100
000001100100100001
000001100100100111
000001100100101100
000001100100110001
000001100100110111
000001100100111100
000001100101000010
000001100101000111
000001100101001100
000001100101010010
000001100101010111
000001100101011101
000001100101100010
000001100101101000
000001100101101101
000001100101110010
000001100101111000
000001100101111101
000001100110000011
000001100110001000
000001100110001110
000001100110010011
000001100110011000
000001100110011110
000001100110100011
000001100110101001
000001100110101110
000001100110110100
000001100110111001
000001100110111110
000001100111000100
000001100111001001
000001100111001111
000001100111010100
000001100111011010
000001100111011111
000001100111100101
000001100111101010
000001100111101111
000001100111110101
000001100111111010
000001101000000000
000001101000000101
000001101000001011
000001101000010000
000001101000010110
000001101000011011
000001101000100000
000001101000100110
000001101000101011
000001101000110001
000001101000110110
000001101000111100
000001101001000001
000001101001000111
000001101001001100
000001101001010001
000001101001010111
000001101001011100
000001101001100010
000001101001100111
000001101001101101
000001101001110010
000001101001111000
000001101001111101
000001101010000011
000001101010001000
000001101010001110
000001101010010011
000001101010011000
000001101010011110
000001101010100011
000001101010101001
000001101010101110
000001101010110100
000001101010111001
000001101010111111
000001101011000100
000001101011001010
000001101011001111
000001101011010101
000001101011011010
000001101011100000
000001101011100101
000001101011101011
000001101011110000
000001101011110110
000001101011111011
000001101100000000
000001101100000110
000001101100001011
000001101100010001
000001101100010110
000001101100011100
000001101100100001
000001101100100111
000001101100101100
000001101100110010
000001101100110111
000001101100111101
000001101101000010
000001101101001000
000001101101001101
000001101101010011
000001101101011000
000001101101011110
000001101101100011
000001101101101001
000001101101101110
000001101101110100
000001101101111001
000001101101111111
000001101110000100
000001101110001010
000001101110001111
000001101110010101
000001101110011010
000001101110100000
000001101110100101
000001101110101011
000001101110110000
000001101110110110
000001101110111011
000001101111000001
000001101111000110
000001101111001100
000001101111010001
000001101111010111
000001101111011100
000001101111100010
000001101111100111
000001101111101101
000001101111110010
000001101111111000
000001101111111101
000001110000000011
000001110000001000
000001110000001110
000001110000010011
000001110000011001
000001110000011110
000001110000100100
000001110000101010
000001110000101111
000001110000110101
000001110000111010
000001110001000000
000001110001000101
000001110001001011
000001110001010000
000001110001010110
000001110001011011
000001110001100001
000001110001100110
000001110001101100
000001110001110001
000001110001110111
000001110001111100
000001110010000010
000001110010001000
000001110010001101
000001110010010011
000001110010011000
000001110010011110
000001110010100011
000001110010101001
000001110010101110
000001110010110100
000001110010111001
000001110010111111
000001110011000100
000001110011001010
000001110011010000
000001110011010101
000001110011011011
000001110011100000
000001110011100110
000001110011101011
000001110011110001
000001110011110110
000001110011111100
000001110100000010
000001110100000111
000001110100001101
000001110100010010
000001110100011000
000001110100011101
000001110100100011
000001110100101000
000001110100101110
000001110100110100
000001110100111001
000001110100111111
000001110101000100
000001110101001010
000001110101001111
000001110101010101
000001110101011011
000001110101100000
000001110101100110
000001110101101011
000001110101110001
000001110101110110
000001110101111100
000001110110000010
000001110110000111
000001110110001101
000001110110010010
000001110110011000
000001110110011101
000001110110100011
000001110110101001
000001110110101110
000001110110110100
000001110110111001
000001110110111111
000001110111000101
000001110111001010
000001110111010000
000001110111010101
000001110111011011
000001110111100000
000001110111100110
000001110111101100
000001110111110001
000001110111110111
000001110111111100
000001111000000010
000001111000001000
000001111000001101
000001111000010011
000001111000011000
000001111000011110
000001111000100100
000001111000101001
000001111000101111
000001111000110100
000001111000111010
000001111001000000
000001111001000101
000001111001001011
000001111001010000
000001111001010110
000001111001011100
000001111001100001
000001111001100111
000001111001101101
000001111001110010
000001111001111000
000001111001111101
000001111010000011
000001111010001001
000001111010001110
000001111010010100
000001111010011001
000001111010011111
000001111010100101
000001111010101010
000001111010110000
000001111010110110
000001111010111011
000001111011000001
000001111011000110
000001111011001100
000001111011010010
000001111011010111
000001111011011101
000001111011100011
000001111011101000
000001111011101110
000001111011110011
000001111011111001
000001111011111111
000001111100000100
000001111100001010
000001111100010000
000001111100010101
000001111100011011
000001111100100001
000001111100100110
000001111100101100
000001111100110010
000001111100110111
000001111100111101
000001111101000010
000001111101001000
000001111101001110
000001111101010011
000001111101011001
000001111101011111
000001111101100100
000001111101101010
000001111101110000
000001111101110101
000001111101111011
000001111110000001
000001111110000110
000001111110001100
000001111110010010
000001111110010111
000001111110011101
000001111110100011
000001111110101000
000001111110101110
000001111110110100
000001111110111001
000001111110111111
000001111111000101
000001111111001010
000001111111010000
000001111111010110
000001111111011011
000001111111100001
000001111111100111
000001111111101100
000001111111110010
000001111111111000
000001111111111101
000010000000000011
000010000000001001
000010000000001110
000010000000010100
000010000000011010
000010000000011111
000010000000100101
000010000000101011
000010000000110001
000010000000110110
000010000000111100
000010000001000010
000010000001000111
000010000001001101
000010000001010011
000010000001011000
000010000001011110
000010000001100100
000010000001101001
000010000001101111
000010000001110101
000010000001111011
000010000010000000
000010000010000110
000010000010001100
000010000010010001
000010000010010111
000010000010011101
000010000010100011
000010000010101000
000010000010101110
000010000010110100
000010000010111001
000010000010111111
000010000011000101
000010000011001011
000010000011010000
000010000011010110
000010000011011100
000010000011100001
000010000011100111
000010000011101101
000010000011110011
000010000011111000
000010000011111110
000010000100000100
000010000100001001
000010000100001111
000010000100010101
000010000100011011
000010000100100000
000010000100100110
000010000100101100
000010000100110010
000010000100110111
000010000100111101
000010000101000011
000010000101001001
000010000101001110
000010000101010100
000010000101011010
000010000101011111
000010000101100101
000010000101101011
000010000101110001
000010000101110110
000010000101111100
000010000110000010
000010000110001000
000010000110001101
000010000110010011
000010000110011001
000010000110011111
000010000110100100
000010000110101010
000010000110110000
000010000110110110
000010000110111100
000010000111000001
000010000111000111
000010000111001101
000010000111010011
000010000111011000
000010000111011110
000010000111100100
000010000111101010
000010000111101111
000010000111110101
000010000111111011
000010001000000001
000010001000000111
000010001000001100
000010001000010010
000010001000011000
000010001000011110
000010001000100011
000010001000101001
000010001000101111
000010001000110101
000010001000111011
000010001001000000
000010001001000110
000010001001001100
000010001001010010
000010001001010111
000010001001011101
000010001001100011
000010001001101001
000010001001101111
000010001001110100
000010001001111010
000010001010000000
000010001010000110
000010001010001100
000010001010010001
000010001010010111
000010001010011101
000010001010100011
000010001010101001
000010001010101110
000010001010110100
000010001010111010
000010001011000000
000010001011000110
000010001011001011
000010001011010001
000010001011010111
000010001011011101
000010001011100011
000010001011101001
000010001011101110
000010001011110100
000010001011111010
000010001100000000
000010001100000110
000010001100001011
000010001100010001
000010001100010111
000010001100011101
000010001100100011
000010001100101001
000010001100101110
000010001100110100
000010001100111010
000010001101000000
000010001101000110
000010001101001100
000010001101010001
000010001101010111
000010001101011101
000010001101100011
000010001101101001
000010001101101111
000010001101110100
000010001101111010
000010001110000000
000010001110000110
000010001110001100
000010001110010010
000010001110011000
000010001110011101
000010001110100011
000010001110101001
000010001110101111
000010001110110101
000010001110111011
000010001111000001
000010001111000110
000010001111001100
000010001111010010
000010001111011000
000010001111011110
000010001111100100
000010001111101010
000010001111101111
000010001111110101
000010001111111011
000010010000000001
000010010000000111
000010010000001101
000010010000010011
000010010000011001
000010010000011110
000010010000100100
000010010000101010
000010010000110000
000010010000110110
000010010000111100
000010010001000010
000010010001001000
000010010001001110
000010010001010011
000010010001011001
000010010001011111
000010010001100101
000010010001101011
000010010001110001
000010010001110111
000010010001111101
000010010010000011
000010010010001000
000010010010001110
000010010010010100
000010010010011010
000010010010100000
000010010010100110
000010010010101100
000010010010110010
000010010010111000
000010010010111110
000010010011000100
000010010011001001
000010010011001111
000010010011010101
000010010011011011
000010010011100001
000010010011100111
000010010011101101
000010010011110011
000010010011111001
000010010011111111
000010010100000101
000010010100001011
000010010100010001
000010010100010110
000010010100011100
000010010100100010
000010010100101000
000010010100101110
000010010100110100
000010010100111010
000010010101000000
000010010101000110
000010010101001100
000010010101010010
000010010101011000
000010010101011110
000010010101100100
000010010101101010
000010010101110000
000010010101110101
000010010101111011
000010010110000001
000010010110000111
000010010110001101
000010010110010011
000010010110011001
000010010110011111
000010010110100101
000010010110101011
000010010110110001
000010010110110111
000010010110111101
000010010111000011
000010010111001001
000010010111001111
000010010111010101
000010010111011011
000010010111100001
000010010111100111
000010010111101101
000010010111110011
000010010111111001
000010010111111111
000010011000000101
000010011000001011
000010011000010001
000010011000010111
000010011000011101
000010011000100011
000010011000101001
000010011000101111
000010011000110101
000010011000111011
000010011001000001
000010011001000110
000010011001001100
000010011001010010
000010011001011000
000010011001011110
000010011001100100
000010011001101010
000010011001110000
000010011001110110
000010011001111101
000010011010000011
000010011010001001
000010011010001111
000010011010010101
000010011010011011
000010011010100001
000010011010100111
000010011010101101
000010011010110011
000010011010111001
000010011010111111
000010011011000101
000010011011001011
000010011011010001
000010011011010111
000010011011011101
000010011011100011
000010011011101001
000010011011101111
000010011011110101
000010011011111011
000010011100000001
000010011100000111
000010011100001101
000010011100010011
000010011100011001
000010011100011111
000010011100100101
000010011100101011
000010011100110001
000010011100110111
000010011100111101
000010011101000011
000010011101001010
000010011101010000
000010011101010110
000010011101011100
000010011101100010
000010011101101000
000010011101101110
000010011101110100
000010011101111010
000010011110000000
000010011110000110
000010011110001100
000010011110010010
000010011110011000
000010011110011110
000010011110100100
000010011110101011
000010011110110001
000010011110110111
000010011110111101
000010011111000011
000010011111001001
000010011111001111
000010011111010101
000010011111011011
000010011111100001
000010011111100111
000010011111101101
000010011111110100
000010011111111010
000010100000000000
000010100000000110
000010100000001100
000010100000010010
000010100000011000
000010100000011110
000010100000100100
000010100000101010
000010100000110001
000010100000110111
000010100000111101
000010100001000011
000010100001001001
000010100001001111
000010100001010101
000010100001011011
000010100001100001
000010100001101000
000010100001101110
000010100001110100
000010100001111010
000010100010000000
000010100010000110
000010100010001100
000010100010010010
000010100010011001
000010100010011111
000010100010100101
000010100010101011
000010100010110001
000010100010110111
000010100010111101
000010100011000011
000010100011001010
000010100011010000
000010100011010110
000010100011011100
000010100011100010
000010100011101000
000010100011101110
000010100011110101
000010100011111011
000010100100000001
000010100100000111
000010100100001101
000010100100010011
000010100100011010
000010100100100000
000010100100100110
000010100100101100
000010100100110010
000010100100111000
000010100100111111
000010100101000101
000010100101001011
000010100101010001
000010100101010111
000010100101011101
000010100101100100
000010100101101010
000010100101110000
000010100101110110
000010100101111100
000010100110000011
000010100110001001
000010100110001111
000010100110010101
000010100110011011
000010100110100001
000010100110101000
000010100110101110
000010100110110100
000010100110111010
000010100111000000
000010100111000111
000010100111001101
000010100111010011
000010100111011001
000010100111100000
000010100111100110
000010100111101100
000010100111110010
000010100111111000
000010100111111111
000010101000000101
000010101000001011
000010101000010001
000010101000010111
000010101000011110
000010101000100100
000010101000101010
000010101000110000
000010101000110111
000010101000111101
000010101001000011
000010101001001001
000010101001010000
000010101001010110
000010101001011100
000010101001100010
000010101001101001
000010101001101111
000010101001110101
000010101001111011
000010101010000001
000010101010001000
000010101010001110
000010101010010100
000010101010011011
000010101010100001
000010101010100111
000010101010101101
000010101010110100
000010101010111010
000010101011000000
000010101011000110
000010101011001101
000010101011010011
000010101011011001
000010101011011111
000010101011100110
000010101011101100
000010101011110010
000010101011111001
000010101011111111
000010101100000101
000010101100001011
000010101100010010
000010101100011000
000010101100011110
000010101100100101
000010101100101011
000010101100110001
000010101100110111
000010101100111110
000010101101000100
000010101101001010
000010101101010001
000010101101010111
000010101101011101
000010101101100100
000010101101101010
000010101101110000
000010101101110110
000010101101111101
000010101110000011
000010101110001001
000010101110010000
000010101110010110
000010101110011100
000010101110100011
000010101110101001
000010101110101111
000010101110110110
000010101110111100
000010101111000010
000010101111001001
000010101111001111
000010101111010101
000010101111011100
000010101111100010
000010101111101000
000010101111101111
000010101111110101
000010101111111011
000010110000000010
000010110000001000
000010110000001110
000010110000010101
000010110000011011
000010110000100010
000010110000101000
000010110000101110
000010110000110101
000010110000111011
000010110001000001
000010110001001000
000010110001001110
000010110001010100
000010110001011011
000010110001100001
000010110001101000
000010110001101110
000010110001110100
000010110001111011
000010110010000001
000010110010001000
000010110010001110
000010110010010100
000010110010011011
000010110010100001
000010110010100111
000010110010101110
000010110010110100
000010110010111011
000010110011000001
000010110011000111
000010110011001110
000010110011010100
000010110011011011
000010110011100001
000010110011101000
000010110011101110
000010110011110100
000010110011111011
000010110100000001
000010110100001000
000010110100001110
000010110100010100
000010110100011011
000010110100100001
000010110100101000
000010110100101110
000010110100110101
000010110100111011
000010110101000001
000010110101001000
000010110101001110
000010110101010101
000010110101011011
000010110101100010
000010110101101000
000010110101101111
000010110101110101
000010110101111011
000010110110000010
000010110110001000
000010110110001111
000010110110010101
000010110110011100
000010110110100010
000010110110101001
000010110110101111
000010110110110110
000010110110111100
000010110111000011
000010110111001001
000010110111010000
000010110111010110
000010110111011100
000010110111100011
000010110111101001
000010110111110000
000010110111110110
000010110111111101
000010111000000011
000010111000001010
000010111000010000
000010111000010111
000010111000011101
000010111000100100
000010111000101010
000010111000110001
000010111000110111
000010111000111110
000010111001000100
000010111001001011
000010111001010001
000010111001011000
000010111001011110
000010111001100101
000010111001101011
000010111001110010
000010111001111001
000010111001111111
000010111010000110
000010111010001100
000010111010010011
000010111010011001
000010111010100000
000010111010100110
000010111010101101
000010111010110011
000010111010111010
000010111011000000
000010111011000111
000010111011001110
000010111011010100
000010111011011011
000010111011100001
000010111011101000
000010111011101110
000010111011110101
000010111011111011
000010111100000010
000010111100001001
000010111100001111
000010111100010110
000010111100011100
000010111100100011
000010111100101001
000010111100110000
000010111100110111
000010111100111101
000010111101000100
000010111101001010
000010111101010001
000010111101010111
000010111101011110
000010111101100101
000010111101101011
000010111101110010
000010111101111000
000010111101111111
000010111110000110
000010111110001100
000010111110010011
000010111110011010
000010111110100000
000010111110100111
000010111110101101
000010111110110100
000010111110111011
000010111111000001
000010111111001000
000010111111001110
000010111111010101
000010111111011100
000010111111100010
000010111111101001
000010111111110000
000010111111110110
000010111111111101
000011000000000100
000011000000001010
000011000000010001
000011000000010111
000011000000011110
000011000000100101
000011000000101011
000011000000110010
000011000000111001
000011000000111111
000011000001000110
000011000001001101
000011000001010011
000011000001011010
000011000001100001
000011000001100111
000011000001101110
000011000001110101
000011000001111011
000011000010000010
000011000010001001
000011000010001111
000011000010010110
000011000010011101
000011000010100100
000011000010101010
000011000010110001
000011000010111000
000011000010111110
000011000011000101
000011000011001100
000011000011010010
000011000011011001
000011000011100000
000011000011100111
000011000011101101
000011000011110100
000011000011111011
000011000100000001
000011000100001000
000011000100001111
000011000100010110
000011000100011100
000011000100100011
000011000100101010
000011000100110001
000011000100110111
000011000100111110
000011000101000101
000011000101001011
000011000101010010
000011000101011001
000011000101100000
000011000101100110
000011000101101101
000011000101110100
000011000101111011
000011000110000010
000011000110001000
000011000110001111
000011000110010110
000011000110011101
000011000110100011
000011000110101010
000011000110110001
000011000110111000
000011000110111110
000011000111000101
000011000111001100
000011000111010011
000011000111011010
000011000111100000
000011000111100111
000011000111101110
000011000111110101
000011000111111100
000011001000000010
000011001000001001
000011001000010000
000011001000010111
000011001000011110
000011001000100100
000011001000101011
000011001000110010
000011001000111001
000011001001000000
000011001001000111
000011001001001101
000011001001010100
000011001001011011
000011001001100010
000011001001101001
000011001001110000
000011001001110110
000011001001111101
000011001010000100
000011001010001011
000011001010010010
000011001010011001
000011001010011111
000011001010100110
000011001010101101
000011001010110100
000011001010111011
000011001011000010
000011001011001001
000011001011001111
000011001011010110
000011001011011101
000011001011100100
000011001011101011
000011001011110010
000011001011111001
000011001100000000
000011001100000111
000011001100001101
000011001100010100
000011001100011011
000011001100100010
000011001100101001
000011001100110000
000011001100110111
000011001100111110
000011001101000101
000011001101001100
000011001101010010
000011001101011001
000011001101100000
000011001101100111
000011001101101110
000011001101110101
000011001101111100
000011001110000011
000011001110001010
000011001110010001
000011001110011000
000011001110011111
000011001110100110
000011001110101101
000011001110110011
000011001110111010
000011001111000001
000011001111001000
000011001111001111
000011001111010110
000011001111011101
000011001111100100
000011001111101011
000011001111110010
000011001111111001
000011010000000000
000011010000000111
000011010000001110
000011010000010101
000011010000011100
000011010000100011
000011010000101010
000011010000110001
000011010000111000
000011010000111111
000011010001000110
000011010001001101
000011010001010100
000011010001011011
000011010001100010
000011010001101001
000011010001110000
000011010001110111
000011010001111110
000011010010000101
000011010010001100
000011010010010011
000011010010011010
000011010010100001
000011010010101000
000011010010101111
000011010010110110
000011010010111101
000011010011000100
000011010011001011
000011010011010010
000011010011011001
000011010011100000
000011010011100111
000011010011101111
000011010011110110
000011010011111101
000011010100000100
000011010100001011
000011010100010010
000011010100011001
000011010100100000
000011010100100111
000011010100101110
000011010100110101
000011010100111100
000011010101000011
000011010101001011
000011010101010010
000011010101011001
000011010101100000
000011010101100111
000011010101101110
000011010101110101
000011010101111100
000011010110000011
000011010110001010
000011010110010010
000011010110011001
000011010110100000
000011010110100111
000011010110101110
000011010110110101
000011010110111100
000011010111000011
000011010111001011
000011010111010010
000011010111011001
000011010111100000
000011010111100111
000011010111101110
000011010111110101
000011010111111101
000011011000000100
000011011000001011
000011011000010010
000011011000011001
000011011000100000
000011011000101000
000011011000101111
000011011000110110
000011011000111101
000011011001000100
000011011001001011
000011011001010011
000011011001011010
000011011001100001
000011011001101000
000011011001101111
000011011001110111
000011011001111110
000011011010000101
000011011010001100
000011011010010011
000011011010011011
000011011010100010
000011011010101001
000011011010110000
000011011010111000
000011011010111111
000011011011000110
000011011011001101
000011011011010100
000011011011011100
000011011011100011
000011011011101010
000011011011110001
000011011011111001
000011011100000000
000011011100000111
000011011100001110
000011011100010110
000011011100011101
000011011100100100
000011011100101011
000011011100110011
000011011100111010
000011011101000001
000011011101001001
000011011101010000
000011011101010111
000011011101011110
000011011101100110
000011011101101101
000011011101110100
000011011101111100
000011011110000011
000011011110001010
000011011110010010
000011011110011001
000011011110100000
000011011110100111
000011011110101111
000011011110110110
000011011110111101
000011011111000101
000011011111001100
000011011111010011
000011011111011011
000011011111100010
000011011111101001
000011011111110001
000011011111111000
000011011111111111
000011100000000111
000011100000001110
000011100000010110
000011100000011101
000011100000100100
000011100000101100
000011100000110011
000011100000111010
000011100001000010
000011100001001001
000011100001010001
000011100001011000
000011100001011111
000011100001100111
000011100001101110
000011100001110101
000011100001111101
000011100010000100
000011100010001100
000011100010010011
000011100010011010
000011100010100010
000011100010101001
000011100010110001
000011100010111000
000011100011000000
000011100011000111
000011100011001110
000011100011010110
000011100011011101
000011100011100101
000011100011101100
000011100011110100
000011100011111011
000011100100000011
000011100100001010
000011100100010001
000011100100011001
000011100100100000
000011100100101000
000011100100101111
000011100100110111
000011100100111110
000011100101000110
000011100101001101
000011100101010101
000011100101011100
000011100101100100
000011100101101011
000011100101110011
000011100101111010
000011100110000010
000011100110001001
000011100110010001
000011100110011000
000011100110100000
000011100110100111
000011100110101111
000011100110110110
000011100110111110
000011100111000101
000011100111001101
000011100111010100
000011100111011100
000011100111100100
000011100111101011
000011100111110011
000011100111111010
000011101000000010
000011101000001001
000011101000010001
000011101000011000
000011101000100000
000011101000101000
000011101000101111
000011101000110111
000011101000111110
000011101001000110
000011101001001110
000011101001010101
000011101001011101
000011101001100100
000011101001101100
000011101001110100
000011101001111011
000011101010000011
000011101010001010
000011101010010010
000011101010011010
000011101010100001
000011101010101001
000011101010110000
000011101010111000
000011101011000000
000011101011000111
000011101011001111
000011101011010111
000011101011011110
000011101011100110
000011101011101110
000011101011110101
000011101011111101
000011101100000101
000011101100001100
000011101100010100
000011101100011100
000011101100100011
000011101100101011
000011101100110011
000011101100111010
000011101101000010
000011101101001010
000011101101010010
000011101101011001
000011101101100001
000011101101101001
000011101101110000
000011101101111000
000011101110000000
000011101110001000
000011101110001111
000011101110010111
000011101110011111
000011101110100110
000011101110101110
000011101110110110
000011101110111110
000011101111000101
000011101111001101
000011101111010101
000011101111011101
000011101111100100
000011101111101100
000011101111110100
000011101111111100
000011110000000100
000011110000001011
000011110000010011
000011110000011011
000011110000100011
000011110000101011
000011110000110010
000011110000111010
000011110001000010
000011110001001010
000011110001010010
000011110001011001
000011110001100001
000011110001101001
000011110001110001
000011110001111001
000011110010000001
000011110010001000
000011110010010000
000011110010011000
000011110010100000
000011110010101000
000011110010110000
000011110010110111
000011110010111111
000011110011000111
000011110011001111
000011110011010111
000011110011011111
000011110011100111
000011110011101111
000011110011110111
000011110011111110
000011110100000110
000011110100001110
000011110100010110
000011110100011110
000011110100100110
000011110100101110
000011110100110110
000011110100111110
000011110101000110
000011110101001110
000011110101010101
000011110101011101
000011110101100101
000011110101101101
000011110101110101
000011110101111101
000011110110000101
000011110110001101
000011110110010101
000011110110011101
000011110110100101
000011110110101101
000011110110110101
000011110110111101
000011110111000101
000011110111001101
000011110111010101
000011110111011101
000011110111100101
000011110111101101
000011110111110101
000011110111111101
000011111000000101
000011111000001101
000011111000010101
000011111000011101
000011111000100101
000011111000101101
000011111000110101
000011111000111101
000011111001000101
000011111001001101
000011111001010101
000011111001011101
000011111001100101
000011111001101101
000011111001110110
000011111001111110
000011111010000110
000011111010001110
000011111010010110
000011111010011110
000011111010100110
000011111010101110
000011111010110110
000011111010111110
000011111011000110
000011111011001111
000011111011010111
000011111011011111
000011111011100111
000011111011101111
000011111011110111
000011111011111111
000011111100000111
000011111100010000
000011111100011000
000011111100100000
000011111100101000
000011111100110000
000011111100111000
000011111101000001
000011111101001001
000011111101010001
000011111101011001
000011111101100001
000011111101101001
000011111101110010
000011111101111010
000011111110000010
000011111110001010
000011111110010010
000011111110011011
000011111110100011
000011111110101011
000011111110110011
000011111110111100
000011111111000100
000011111111001100
000011111111010100
000011111111011101
000011111111100101
000011111111101101
000011111111110101
000011111111111110
000100000000000110
000100000000001110
000100000000010110
000100000000011111
000100000000100111
000100000000101111
000100000000111000
000100000001000000
000100000001001000
000100000001010000
000100000001011001
000100000001100001
000100000001101001
000100000001110010
000100000001111010
000100000010000010
000100000010001011
000100000010010011
000100000010011011
000100000010100100
000100000010101100
000100000010110100
000100000010111101
000100000011000101
000100000011001101
000100000011010110
000100000011011110
000100000011100111
000100000011101111
000100000011110111
000100000100000000
000100000100001000
000100000100010001
000100000100011001
000100000100100001
000100000100101010
000100000100110010
000100000100111011
000100000101000011
000100000101001100
000100000101010100
000100000101011100
000100000101100101
000100000101101101
000100000101110110
000100000101111110
000100000110000111
000100000110001111
000100000110011000
000100000110100000
000100000110101001
000100000110110001
000100000110111010
000100000111000010
000100000111001011
000100000111010011
000100000111011100
000100000111100100
000100000111101101
000100000111110101
000100000111111110
000100001000000110
000100001000001111
000100001000010111
000100001000100000
000100001000101000
000100001000110001
000100001000111001
000100001001000010
000100001001001011
000100001001010011
000100001001011100
000100001001100100
000100001001101101
000100001001110110
000100001001111110
000100001010000111
000100001010001111
000100001010011000
000100001010100001
000100001010101001
000100001010110010
000100001010111010
000100001011000011
000100001011001100
000100001011010100
000100001011011101
000100001011100110
000100001011101110
000100001011110111
000100001100000000
000100001100001000
000100001100010001
000100001100011010
000100001100100010
000100001100101011
000100001100110100
000100001100111101
000100001101000101
000100001101001110
000100001101010111
000100001101011111
000100001101101000
000100001101110001
000100001101111010
000100001110000010
000100001110001011
000100001110010100
000100001110011101
000100001110100101
000100001110101110
000100001110110111
000100001111000000
000100001111001000
000100001111010001
000100001111011010
000100001111100011
000100001111101100
000100001111110100
000100001111111101
000100010000000110
000100010000001111
000100010000011000
000100010000100001
000100010000101001
000100010000110010
000100010000111011
000100010001000100
000100010001001101
000100010001010110
000100010001011110
000100010001100111
000100010001110000
000100010001111001
000100010010000010
000100010010001011
000100010010010100
000100010010011101
000100010010100110
000100010010101111
000100010010110111
000100010011000000
000100010011001001
000100010011010010
000100010011011011
000100010011100100
000100010011101101
000100010011110110
000100010011111111
000100010100001000
000100010100010001
000100010100011010
000100010100100011
000100010100101100
000100010100110101
000100010100111110
000100010101000111
000100010101010000
000100010101011001
000100010101100010
000100010101101011
000100010101110100
000100010101111101
000100010110000110
000100010110001111
000100010110011000
000100010110100001
000100010110101010
000100010110110011
000100010110111100
000100010111000101
000100010111001111
000100010111011000
000100010111100001
000100010111101010
000100010111110011
000100010111111100
000100011000000101
000100011000001110
000100011000010111
000100011000100001
000100011000101010
000100011000110011
000100011000111100
000100011001000101
000100011001001110
000100011001011000
000100011001100001
000100011001101010
000100011001110011
000100011001111100
000100011010000101
000100011010001111
000100011010011000
000100011010100001
000100011010101010
000100011010110011
000100011010111101
000100011011000110
000100011011001111
000100011011011000
000100011011100010
000100011011101011
000100011011110100
000100011011111110
000100011100000111
000100011100010000
000100011100011001
000100011100100011
000100011100101100
000100011100110101
000100011100111111
000100011101001000
000100011101010001
000100011101011011
000100011101100100
000100011101101101
000100011101110111
000100011110000000
000100011110001001
000100011110010011
000100011110011100
000100011110100101
000100011110101111
000100011110111000
000100011111000010
000100011111001011
000100011111010100
000100011111011110
000100011111100111
000100011111110001
000100011111111010
000100100000000100
000100100000001101
000100100000010110
000100100000100000
000100100000101001
000100100000110011
000100100000111100
000100100001000110
000100100001001111
000100100001011001
000100100001100010
000100100001101100
000100100001110101
000100100001111111
000100100010001000
000100100010010010
000100100010011011
000100100010100101
000100100010101110
000100100010111000
000100100011000010
000100100011001011
000100100011010101
000100100011011110
000100100011101000
000100100011110010
000100100011111011
000100100100000101
000100100100001110
000100100100011000
000100100100100010
000100100100101011
000100100100110101
000100100100111110
000100100101001000
000100100101010010
000100100101011011
000100100101100101
000100100101101111
000100100101111001
000100100110000010
000100100110001100
000100100110010110
000100100110011111
000100100110101001
000100100110110011
000100100110111101
000100100111000110
000100100111010000
000100100111011010
000100100111100011
000100100111101101
000100100111110111
000100101000000001
000100101000001011
000100101000010100
000100101000011110
000100101000101000
000100101000110010
000100101000111100
000100101001000101
000100101001001111
000100101001011001
000100101001100011
000100101001101101
000100101001110111
000100101010000001
000100101010001010
000100101010010100
000100101010011110
000100101010101000
000100101010110010
000100101010111100
000100101011000110
000100101011010000
000100101011011010
000100101011100100
000100101011101110
000100101011111000
000100101100000001
000100101100001011
000100101100010101
000100101100011111
000100101100101001
000100101100110011
000100101100111101
000100101101000111
000100101101010001
000100101101011011
000100101101100101
000100101101110000
000100101101111010
000100101110000100
000100101110001110
000100101110011000
000100101110100010
000100101110101100
000100101110110110
000100101111000000
000100101111001010
000100101111010100
000100101111011110
000100101111101001
000100101111110011
000100101111111101
000100110000000111
000100110000010001
000100110000011011
000100110000100101
000100110000110000
000100110000111010
000100110001000100
000100110001001110
000100110001011000
000100110001100011
000100110001101101
000100110001110111
000100110010000001
000100110010001100
000100110010010110
000100110010100000
000100110010101010
000100110010110101
000100110010111111
000100110011001001
000100110011010100
000100110011011110
000100110011101000
000100110011110010
000100110011111101
000100110100000111
000100110100010001
000100110100011100
000100110100100110
000100110100110001
000100110100111011
000100110101000101
000100110101010000
000100110101011010
000100110101100101
000100110101101111
000100110101111001
000100110110000100
000100110110001110
000100110110011001
000100110110100011
000100110110101110
000100110110111000
000100110111000011
000100110111001101
000100110111011000
000100110111100010
000100110111101101
000100110111110111
000100111000000010
000100111000001100
000100111000010111
000100111000100001
000100111000101100
000100111000110110
000100111001000001
000100111001001100
000100111001010110
000100111001100001
000100111001101011
000100111001110110
000100111010000001
000100111010001011
000100111010010110
000100111010100001
000100111010101011
000100111010110110
000100111011000001
000100111011001011
000100111011010110
000100111011100001
000100111011101100
000100111011110110
000100111100000001
000100111100001100
000100111100010110
000100111100100001
000100111100101100
000100111100110111
000100111101000010
000100111101001100
000100111101010111
000100111101100010
000100111101101101
000100111101111000
000100111110000010
000100111110001101
000100111110011000
000100111110100011
000100111110101110
000100111110111001
000100111111000100
000100111111001111
000100111111011010
000100111111100100
000100111111101111
000100111111111010
000101000000000101
000101000000010000
000101000000011011
000101000000100110
000101000000110001
000101000000111100
000101000001000111
000101000001010010
000101000001011101
000101000001101000
000101000001110011
000101000001111110
000101000010001001
000101000010010100
000101000010100000
000101000010101011
000101000010110110
000101000011000001
000101000011001100
000101000011010111
000101000011100010
000101000011101101
000101000011111001
000101000100000100
000101000100001111
000101000100011010
000101000100100101
000101000100110000
000101000100111100
000101000101000111
000101000101010010
000101000101011101
000101000101101001
000101000101110100
000101000101111111
000101000110001010
000101000110010110
000101000110100001
000101000110101100
000101000110111000
000101000111000011
000101000111001110
000101000111011010
000101000111100101
000101000111110000
000101000111111100
000101001000000111
000101001000010011
000101001000011110
000101001000101001
000101001000110101
000101001001000000
000101001001001100
000101001001010111
000101001001100011
000101001001101110
000101001001111010
000101001010000101
000101001010010001
000101001010011100
000101001010101000
000101001010110011
000101001010111111
000101001011001010
000101001011010110
000101001011100010
000101001011101101
000101001011111001
000101001100000100
000101001100010000
000101001100011100
000101001100100111
000101001100110011
000101001100111111
000101001101001010
000101001101010110
000101001101100010
000101001101101110
000101001101111001
000101001110000101
000101001110010001
000101001110011101
000101001110101000
000101001110110100
000101001111000000
000101001111001100
000101001111011000
000101001111100011
000101001111101111
000101001111111011
000101010000000111
000101010000010011
000101010000011111
000101010000101011
000101010000110110
000101010001000010
000101010001001110
000101010001011010
000101010001100110
000101010001110010
000101010001111110
000101010010001010
000101010010010110
000101010010100010
000101010010101110
000101010010111010
000101010011000110
000101010011010010
000101010011011110
000101010011101011
000101010011110111
000101010100000011
000101010100001111
000101010100011011
000101010100100111
000101010100110011
000101010100111111
000101010101001100
000101010101011000
000101010101100100
000101010101110000
000101010101111100
000101010110001001
000101010110010101
000101010110100001
000101010110101101
000101010110111010
000101010111000110
000101010111010010
000101010111011111
000101010111101011
000101010111110111
000101011000000100
000101011000010000
000101011000011101
000101011000101001
000101011000110101
000101011001000010
000101011001001110
000101011001011011
000101011001100111
000101011001110100
000101011010000000
000101011010001101
000101011010011001
000101011010100110
000101011010110010
000101011010111111
000101011011001011
000101011011011000
000101011011100100
000101011011110001
000101011011111110
000101011100001010
000101011100010111
000101011100100100
000101011100110000
000101011100111101
000101011101001010
000101011101010110
000101011101100011
000101011101110000
000101011101111101
000101011110001001
000101011110010110
000101011110100011
000101011110110000
000101011110111101
000101011111001001
000101011111010110
000101011111100011
000101011111110000
000101011111111101
000101100000001010
000101100000010111
000101100000100100
000101100000110001
000101100000111110
000101100001001011
000101100001011000
000101100001100101
000101100001110010
000101100001111111
000101100010001100
000101100010011001
000101100010100110
000101100010110011
000101100011000000
000101100011001101
000101100011011010
000101100011100111
000101100011110101
000101100100000010
000101100100001111
000101100100011100
000101100100101001
000101100100110111
000101100101000100
000101100101010001
000101100101011110
000101100101101100
000101100101111001
000101100110000110
000101100110010100
000101100110100001
000101100110101110
000101100110111100
000101100111001001
000101100111010111
000101100111100100
000101100111110010
000101100111111111
000101101000001100
000101101000011010
000101101000100111
000101101000110101
000101101001000011
000101101001010000
000101101001011110
000101101001101011
000101101001111001
000101101010000111
000101101010010100
000101101010100010
000101101010110000
000101101010111101
000101101011001011
000101101011011001
000101101011100110
000101101011110100
000101101100000010
000101101100010000
000101101100011101
000101101100101011
000101101100111001
000101101101000111
000101101101010101
000101101101100011
000101101101110001
000101101101111111
000101101110001100
000101101110011010
000101101110101000
000101101110110110
000101101111000100
000101101111010010
000101101111100000
000101101111101111
000101101111111101
000101110000001011
000101110000011001
000101110000100111
000101110000110101
000101110001000011
000101110001010001
000101110001100000
000101110001101110
000101110001111100
000101110010001010
000101110010011001
000101110010100111
000101110010110101
000101110011000100
000101110011010010
000101110011100000
000101110011101111
000101110011111101
000101110100001011
000101110100011010
000101110100101000
000101110100110111
000101110101000101
000101110101010100
000101110101100010
000101110101110001
000101110101111111
000101110110001110
000101110110011101
000101110110101011
000101110110111010
000101110111001000
000101110111010111
000101110111100110
000101110111110101
000101111000000011
000101111000010010
000101111000100001
000101111000110000
000101111000111110
000101111001001101
000101111001011100
000101111001101011
000101111001111010
000101111010001001
000101111010011000
000101111010100111
000101111010110110
000101111011000101
000101111011010100
000101111011100011
000101111011110010
000101111100000001
000101111100010000
000101111100011111
000101111100101110
000101111100111101
000101111101001101
000101111101011100
000101111101101011
000101111101111010
000101111110001010
000101111110011001
000101111110101000
000101111110110111
000101111111000111
000101111111010110
000101111111100110
000101111111110101
000110000000000100
000110000000010100
000110000000100011
000110000000110011
000110000001000010
000110000001010010
000110000001100001
000110000001110001
000110000010000001
000110000010010000
000110000010100000
000110000010110000
000110000010111111
000110000011001111
000110000011011111
000110000011101111
000110000011111110
000110000100001110
000110000100011110
000110000100101110
000110000100111110
000110000101001110
000110000101011110
000110000101101110
000110000101111110
000110000110001110
000110000110011110
000110000110101110
000110000110111110
000110000111001110
000110000111011110
000110000111101110
000110000111111110
000110001000001111
000110001000011111
000110001000101111
000110001000111111
000110001001010000
000110001001100000
000110001001110000
000110001010000001
000110001010010001
000110001010100001
000110001010110010
000110001011000010
000110001011010011
000110001011100011
000110001011110100
000110001100000101
000110001100010101
000110001100100110
000110001100110110
000110001101000111
000110001101011000
000110001101101001
000110001101111001
000110001110001010
000110001110011011
000110001110101100
000110001110111101
000110001111001110
000110001111011110
000110001111101111
000110010000000000
000110010000010001
000110010000100010
000110010000110100
000110010001000101
000110010001010110
000110010001100111
000110010001111000
000110010010001001
000110010010011011
000110010010101100
000110010010111101
000110010011001110
000110010011100000
000110010011110001
000110010100000010
000110010100010100
000110010100100101
000110010100110111
000110010101001000
000110010101011010
000110010101101100
000110010101111101
000110010110001111
000110010110100000
000110010110110010
000110010111000100
000110010111010110
000110010111100111
000110010111111001
000110011000001011
000110011000011101
000110011000101111
000110011001000001
000110011001010011
000110011001100101
000110011001110111
000110011010001001
000110011010011011
000110011010101101
000110011010111111
000110011011010010
000110011011100100
000110011011110110
000110011100001000
000110011100011011
000110011100101101
000110011101000000
000110011101010010
000110011101100100
000110011101110111
000110011110001001
000110011110011100
000110011110101111
000110011111000001
000110011111010100
000110011111100111
000110011111111001
000110100000001100
000110100000011111
000110100000110010
000110100001000101
000110100001011000
000110100001101011
000110100001111110
000110100010010001
000110100010100100
000110100010110111
000110100011001010
000110100011011101
000110100011110000
000110100100000100
000110100100010111
000110100100101010
000110100100111110
000110100101010001
000110100101100100
000110100101111000
000110100110001011
000110100110011111
000110100110110010
000110100111000110
000110100111011010
000110100111101101
000110101000000001
000110101000010101
000110101000101001
000110101000111101
000110101001010001
000110101001100101
000110101001111001
000110101010001101
000110101010100001
000110101010110101
000110101011001001
000110101011011101
000110101011110001
000110101100000110
000110101100011010
000110101100101110
000110101101000011
000110101101010111
000110101101101100
000110101110000000
000110101110010101
000110101110101001
000110101110111110
000110101111010011
000110101111100111
000110101111111100
000110110000010001
000110110000100110
000110110000111011
000110110001010000
000110110001100101
000110110001111010
000110110010001111
000110110010100100
000110110010111001
000110110011001111
000110110011100100
000110110011111001
000110110100001111
000110110100100100
000110110100111001
000110110101001111
000110110101100101
000110110101111010
000110110110010000
000110110110100110
000110110110111011
000110110111010001
000110110111100111
000110110111111101
000110111000010011
000110111000101001
000110111000111111
000110111001010101
000110111001101011
000110111010000010
000110111010011000
000110111010101110
000110111011000101
000110111011011011
000110111011110010
000110111100001000
000110111100011111
000110111100110101
000110111101001100
000110111101100011
000110111101111010
000110111110010001
000110111110101000
000110111110111111
000110111111010110
000110111111101101
000111000000000100
000111000000011011
000111000000110010
000111000001001010
000111000001100001
000111000001111000
000111000010010000
000111000010101000
000111000010111111
000111000011010111
000111000011101111
000111000100000110
000111000100011110
000111000100110110
000111000101001110
000111000101100110
000111000101111110
000111000110010111
000111000110101111
000111000111000111
000111000111100000
000111000111111000
000111001000010001
000111001000101001
000111001001000010
000111001001011010
000111001001110011
000111001010001100
000111001010100101
000111001010111110
000111001011010111
000111001011110000
000111001100001001
000111001100100011
000111001100111100
000111001101010101
000111001101101111
000111001110001000
000111001110100010
000111001110111100
000111001111010101
000111001111101111
000111010000001001
000111010000100011
000111010000111101
000111010001010111
000111010001110001
000111010010001100
000111010010100110
000111010011000000
000111010011011011
000111010011110110
000111010100010000
000111010100101011
000111010101000110
000111010101100001
000111010101111100
000111010110010111
000111010110110010
000111010111001101
000111010111101000
000111011000000100
000111011000011111
000111011000111011
000111011001010111
000111011001110010
000111011010001110
000111011010101010
000111011011000110
000111011011100010
000111011011111110
000111011100011011
000111011100110111
000111011101010011
000111011101110000
000111011110001101
000111011110101001
000111011111000110
000111011111100011
000111100000000000
000111100000011101
000111100000111011
000111100001011000
000111100001110101
000111100010010011
000111100010110000
000111100011001110
000111100011101100
000111100100001010
000111100100101000
000111100101000110
000111100101100100
000111100110000011
000111100110100001
000111100111000000
000111100111011110
000111100111111101
000111101000011100
000111101000111011
000111101001011010
000111101001111001
000111101010011001
000111101010111000
000111101011011000
000111101011110111
000111101100010111
000111101100110111
000111101101010111
000111101101110111
000111101110011000
000111101110111000
000111101111011001
000111101111111001
000111110000011010
000111110000111011
000111110001011100
000111110001111101
000111110010011111
000111110011000000
000111110011100010
000111110100000011
000111110100100101
000111110101000111
000111110101101001
000111110110001011
000111110110101110
000111110111010000
000111110111110011
000111111000010110
000111111000111001
000111111001011100
000111111001111111
000111111010100011
000111111011000110
000111111011101010
000111111100001110
000111111100110010
000111111101010110
000111111101111011
000111111110011111
000111111111000100
000111111111101001
001000000000001110
001000000000110011
001000000001011000
001000000001111110
001000000010100011
001000000011001001
001000000011101111
001000000100010110
001000000100111100
001000000101100011
001000000110001001
001000000110110000
001000000111011000
001000000111111111
001000001000100110
001000001001001110
001000001001110110
001000001010011110
001000001011000111
001000001011101111
001000001100011000
001000001101000001
001000001101101010
001000001110010011
001000001110111101
001000001111100111
001000010000010001
001000010000111011
001000010001100110
001000010010010000
001000010010111011
001000010011100110
001000010100010010
001000010100111110
001000010101101001
001000010110010110
001000010111000010
001000010111101111
001000011000011100
001000011001001001
001000011001110110
001000011010100100
001000011011010010
001000011100000000
001000011100101111
001000011101011101
001000011110001100
001000011110111100
001000011111101011
001000100000011011
001000100001001100
001000100001111100
001000100010101101
001000100011011110
001000100100010000
001000100101000010
001000100101110100
001000100110100110
001000100111011001
001000101000001100
001000101001000000
001000101001110100
001000101010101000
001000101011011100
001000101100010001
001000101101000111
001000101101111100
001000101110110011
001000101111101001
001000110000100000
001000110001010111
001000110010001111
001000110011000111
001000110100000000
001000110100111001
001000110101110010
001000110110101100
001000110111100110
001000111000100001
001000111001011100
001000111010011000
001000111011010100
001000111100010001
001000111101001110
001000111110001100
001000111111001010
001001000000001001
001001000001001000
001001000010001000
001001000011001001
001001000100001010
001001000101001100
001001000110001110
001001000111010001
001001001000010100
001001001001011000
001001001010011101
001001001011100011
001001001100101001
001001001101110000
001001001110110111
001001001111111111
001001010001001001
001001010010010010
001001010011011101
001001010100101000
001001010101110100
001001010111000001
001001011000001111
001001011001011110
001001011010101110
001001011011111110
001001011101010000
001001011110100010
001001011111110110
001001100001001010
001001100010100000
001001100011110111
001001100101001110
001001100110100111
001001101000000001
001001101001011101
001001101010111001
001001101100010111
001001101101110110
001001101111010111
001001110000111001
001001110010011100
001001110100000001
001001110101100111
001001110111001111
001001111000111001
001001111010100100
001001111100010001
001001111110000000
001001111111110001
001010000001100100
001010000011011001
001010000101010000
001010000111001001
001010001001000101
001010001011000011
001010001101000011
001010001111000110
001010010001001100
001010010011010101
001010010101100001
001010010111101111
001010011010000010
001010011100010111
001010011110110001
001010100001001110
001010100011101111
001010100110010100
001010101000111111
001010101011101101
001010101110100010
001010110001011011
001010110100011010
001010110111100000
001010111010101100
001010111110000000
001011000001011011
001011000100111111
001011001000101011
001011001100100010
001011010000100011
001011010100110001
001011011001001100
001011011101110101
001011100010101110
001011100111111010
001011101101011011
001011110011010011
001011111001100111
001100000000011010
001100000111110100
001100001111111011
001100011000111010
001100100010111111
001100101110011111
001100111011111010
001101001100000101
001101100000100011
001101111100101101
001110101011000110
